2025-07-03 03:49:19.847 | DEBUG    | ttnn.library_tweaks:prepare_dir_as_metal_home:89 - Existing installation of 0.60.0rc4 detected
2025-07-03 03:49:19.948 | DEBUG    | ttnn:<module>:83 - Initial ttnn.CONFIG:
Config{cache_path=/home/ubuntu/.cache/ttnn,model_cache_path=/home/ubuntu/.cache/ttnn/models,tmp_dir=/tmp/ttnn,enable_model_cache=false,enable_fast_runtime_mode=true,throw_exception_on_fallback=false,enable_logging=false,enable_graph_report=false,enable_detailed_buffer_report=false,enable_detailed_tensor_report=false,enable_comparison_mode=false,comparison_mode_should_raise_exception=false,comparison_mode_pcc=0.9999,root_report_path=generated/ttnn/reports,report_name=std::nullopt,std::nullopt}
2025-07-03 03:49:23.982 | INFO     | __main__:test_new_op:94 - input_tensor: ttnn.Tensor([[[[ 0.07031,  0.71875,  ...,  0.17188,  0.17578],
               [ 0.43359,  0.14551,  ...,  0.61719,  0.21387],
               ...,
               [ 0.68750,  0.54688,  ...,  0.92969,  0.47852],
               [ 0.32031,  0.35938,  ...,  0.14746,  0.08105]],

              [[ 0.49414,  0.23047,  ...,  0.70703,  0.14258],
               [ 0.58984,  0.04297,  ...,  0.39062,  0.17578],
               ...,
               [ 0.64062,  0.61719,  ...,  0.96094,  0.90234],
               [ 0.34570,  0.89062,  ...,  0.11475,  0.83984]],

              [[ 0.87891,  0.70312,  ...,  0.84375,  0.96875],
               [ 0.78125,  0.78906,  ...,  0.25977,  0.05176],
               ...,
               [ 0.35938,  0.42773,  ...,  0.23633,  0.34766],
               [ 0.08496,  0.27344,  ...,  0.16699,  0.43945]],

              [[ 0.35938,  0.07080,  ...,  0.82031,  0.84766],
               [ 0.83594,  0.92969,  ...,  0.02478,  0.60547],
               ...,
               [ 0.13867,  0.01300,  ...,  0.16406,  0.29297],
               [ 0.79688,  0.93359,  ...,  0.57812,  0.56641]]]], shape=Shape([1, 4, 32, 32]), dtype=DataType::BFLOAT16, layout=Layout::TILE)
2025-07-03 03:49:23.985 | INFO     | __main__:test_new_op:95 - torch_golden: tensor([[[[1.5000, 0.7656, 1.4219,  ..., 1.2422, 1.3906, 1.3906],
          [1.1172, 1.4219, 0.6484,  ..., 1.4609, 0.9023, 1.3516],
          [1.0078, 1.5156, 1.1094,  ..., 0.6406, 1.0469, 1.2812],
          ...,
          [0.7344, 0.6602, 1.0859,  ..., 0.9492, 1.3750, 0.2715],
          [0.8125, 0.9883, 1.1250,  ..., 1.3438, 0.4023, 1.0703],
          [1.2422, 1.2031, 1.1797,  ..., 1.5625, 1.4219, 1.4844]],

         [[1.0469, 1.3359, 1.4062,  ..., 0.8789, 0.7852, 1.4219],
          [0.9375, 1.5234, 1.3672,  ..., 0.3301, 1.1641, 1.3906],
          [0.7656, 0.7852, 1.4688,  ..., 0.4590, 1.1016, 1.5078],
          ...,
          [0.6406, 0.7031, 0.6719,  ..., 1.1875, 0.6914, 1.4922],
          [0.8750, 0.9023, 0.5547,  ..., 0.6172, 0.3301, 0.4590],
          [1.2109, 0.4824, 1.4922,  ..., 0.3008, 1.4531, 0.5781]],

         [[0.5039, 0.7891, 1.1719,  ..., 1.0547, 0.5703, 0.3105],
          [0.6719, 0.6602, 0.9219,  ..., 0.7773, 1.3047, 1.5156],
          [1.3359, 1.3672, 0.2715,  ..., 1.0625, 0.7500, 1.4844],
          ...,
          [0.7500, 1.3906, 0.2715,  ..., 0.7227, 0.4980, 0.7461],
          [1.2031, 1.1250, 0.4258,  ..., 1.4141, 1.3281, 1.2109],
          [1.4844, 1.2891, 1.2578,  ..., 0.2314, 1.3984, 1.1094]],

         [[1.2031, 1.4922, 0.5781,  ..., 0.3848, 0.6094, 0.5625],
          [0.5820, 0.4023, 1.4062,  ..., 1.1172, 1.5391, 0.9180],
          [0.3848, 1.1016, 0.8125,  ..., 1.2109, 1.4062, 0.9531],
          ...,
          [1.1406, 0.8750, 0.6211,  ..., 0.9883, 1.0234, 1.1250],
          [1.4297, 1.5547, 1.2812,  ..., 1.1641, 1.3984, 1.2734],
          [0.6484, 0.3926, 1.5078,  ..., 1.1797, 0.9531, 0.9648]]]],
       dtype=torch.bfloat16)
2025-07-03 03:49:23.987 | INFO     | __main__:test_new_op:96 - torch_output: tensor([[[[1.5000, 0.7656, 1.4219,  ..., 1.2422, 1.3906, 1.3906],
          [1.1172, 1.4219, 0.6484,  ..., 1.4609, 0.9023, 1.3516],
          [1.0078, 1.5156, 1.1094,  ..., 0.6406, 1.0469, 1.2812],
          ...,
          [0.7344, 0.6602, 1.0859,  ..., 0.9492, 1.3750, 0.2715],
          [0.8125, 0.9883, 1.1250,  ..., 1.3438, 0.4023, 1.0703],
          [1.2422, 1.2031, 1.1797,  ..., 1.5625, 1.4219, 1.4844]],

         [[1.0469, 1.3359, 1.4062,  ..., 0.8789, 0.7852, 1.4219],
          [0.9375, 1.5234, 1.3672,  ..., 0.3301, 1.1641, 1.3906],
          [0.7656, 0.7852, 1.4688,  ..., 0.4590, 1.1016, 1.5078],
          ...,
          [0.6406, 0.7031, 0.6719,  ..., 1.1875, 0.6914, 1.4922],
          [0.8750, 0.9023, 0.5547,  ..., 0.6172, 0.3301, 0.4590],
          [1.2109, 0.4824, 1.4922,  ..., 0.3008, 1.4531, 0.5781]],

         [[0.5039, 0.7891, 1.1719,  ..., 1.0547, 0.5703, 0.3105],
          [0.6719, 0.6602, 0.9219,  ..., 0.7773, 1.3047, 1.5156],
          [1.3359, 1.3672, 0.2715,  ..., 1.0625, 0.7500, 1.4844],
          ...,
          [0.7500, 1.3906, 0.2715,  ..., 0.7227, 0.4980, 0.7461],
          [1.2031, 1.1250, 0.4258,  ..., 1.4141, 1.3281, 1.2109],
          [1.4844, 1.2891, 1.2578,  ..., 0.2314, 1.3984, 1.1094]],

         [[1.2031, 1.4922, 0.5781,  ..., 0.3848, 0.6094, 0.5625],
          [0.5820, 0.4023, 1.4062,  ..., 1.1172, 1.5391, 0.9180],
          [0.3848, 1.1016, 0.8125,  ..., 1.2109, 1.4062, 0.9531],
          ...,
          [1.1406, 0.8750, 0.6211,  ..., 0.9883, 1.0234, 1.1250],
          [1.4297, 1.5547, 1.2812,  ..., 1.1641, 1.3984, 1.2734],
          [0.6484, 0.3926, 1.5078,  ..., 1.1797, 0.9531, 0.9648]]]],
       dtype=torch.bfloat16)
2025-07-03 03:49:23.988 | INFO     | __main__:test_new_op:99 - Tensors are matching: True
